# Blender v3.5.0 OBJ File: 'BossAttackArm.blend'
# www.blender.org
mtllib BossAttackArm.mtl
o 立方体
v -0.055049 1.689092 0.294147
v -0.055049 3.782494 -0.872629
v -0.055049 1.640254 0.206524
v -0.055049 3.733656 -0.960252
v 0.048338 1.689092 0.294147
v 0.048338 3.782494 -0.872629
v 0.048338 1.640254 0.206524
v 0.048338 3.733656 -0.960252
vt 0.375000 0.000000
vt 0.625000 0.000000
vt 0.625000 0.250000
vt 0.375000 0.250000
vt 0.625000 0.500000
vt 0.375000 0.500000
vt 0.625000 0.750000
vt 0.375000 0.750000
vt 0.625000 1.000000
vt 0.375000 1.000000
vt 0.125000 0.500000
vt 0.125000 0.750000
vt 0.875000 0.500000
vt 0.875000 0.750000
vn -1.0000 0.0000 0.0000
vn 0.0000 -0.4868 -0.8735
vn 1.0000 -0.0000 0.0000
vn 0.0000 0.4868 0.8735
vn 0.0000 -0.8735 0.4868
vn 0.0000 0.8735 -0.4868
usemtl None
s off
f 1/1/1 2/2/1 4/3/1 3/4/1
f 3/4/2 4/3/2 8/5/2 7/6/2
f 7/6/3 8/5/3 6/7/3 5/8/3
f 5/8/4 6/7/4 2/9/4 1/10/4
f 3/11/5 7/6/5 5/8/5 1/12/5
f 8/5/6 4/13/6 2/14/6 6/7/6
o 立方体.001_立方体.008
v -0.116813 1.689092 0.277489
v 0.107263 3.782494 -0.867569
v -0.099985 1.640254 0.191497
v 0.124090 3.733656 -0.953561
v -0.015351 1.689092 0.297344
v 0.208724 3.782494 -0.847714
v 0.001477 1.640254 0.211352
v 0.225552 3.733656 -0.933706
vt 0.375000 0.000000
vt 0.625000 0.000000
vt 0.625000 0.250000
vt 0.375000 0.250000
vt 0.625000 0.500000
vt 0.375000 0.500000
vt 0.625000 0.750000
vt 0.375000 0.750000
vt 0.625000 1.000000
vt 0.375000 1.000000
vt 0.125000 0.500000
vt 0.125000 0.750000
vt 0.875000 0.500000
vt 0.875000 0.750000
vn -0.9814 -0.0000 -0.1920
vn 0.1678 -0.4868 -0.8572
vn 0.9814 0.0000 0.1920
vn -0.1678 0.4868 0.8572
vn -0.0935 -0.8735 0.4778
vn 0.0935 0.8735 -0.4778
usemtl None
s off
f 9/15/7 10/16/7 12/17/7 11/18/7
f 11/18/8 12/17/8 16/19/8 15/20/8
f 15/20/9 16/19/9 14/21/9 13/22/9
f 13/22/10 14/21/10 10/23/10 9/24/10
f 11/25/11 15/20/11 13/22/11 9/26/11
f 16/19/12 12/27/12 10/28/12 14/21/12
o 立方体.002_立方体.009
v -0.176221 1.689092 0.248039
v 0.271230 3.782494 -0.829530
v -0.142618 1.640254 0.167115
v 0.304833 3.733656 -0.910454
v -0.080739 1.689092 0.287687
v 0.366712 3.782494 -0.789882
v -0.047137 1.640254 0.206763
v 0.400314 3.733656 -0.870806
vt 0.375000 0.000000
vt 0.625000 0.000000
vt 0.625000 0.250000
vt 0.375000 0.250000
vt 0.625000 0.500000
vt 0.375000 0.500000
vt 0.625000 0.750000
vt 0.375000 0.750000
vt 0.625000 1.000000
vt 0.375000 1.000000
vt 0.125000 0.500000
vt 0.125000 0.750000
vt 0.875000 0.500000
vt 0.875000 0.750000
vn -0.9235 0.0000 -0.3835
vn 0.3350 -0.4868 -0.8067
vn 0.9235 -0.0000 0.3835
vn -0.3350 0.4868 0.8067
vn -0.1867 -0.8735 0.4496
vn 0.1867 0.8735 -0.4496
usemtl None
s off
f 17/29/13 18/30/13 20/31/13 19/32/13
f 19/32/14 20/31/14 24/33/14 23/34/14
f 23/34/15 24/33/15 22/35/15 21/36/15
f 21/36/16 22/35/16 18/37/16 17/38/16
f 19/39/17 23/34/17 21/36/17 17/40/17
f 24/33/18 20/41/18 18/42/18 22/35/18
o 立方体.003_立方体.010
v -0.228551 1.689092 0.207385
v 0.424258 3.782494 -0.759677
v -0.179526 1.640254 0.134760
v 0.473283 3.733656 -0.832301
v -0.142862 1.689092 0.265229
v 0.509948 3.782494 -0.701832
v -0.093837 1.640254 0.192604
v 0.558973 3.733656 -0.774457
vt 0.375000 0.000000
vt 0.625000 0.000000
vt 0.625000 0.250000
vt 0.375000 0.250000
vt 0.625000 0.500000
vt 0.375000 0.500000
vt 0.625000 0.750000
vt 0.375000 0.750000
vt 0.625000 1.000000
vt 0.375000 1.000000
vt 0.125000 0.500000
vt 0.125000 0.750000
vt 0.875000 0.500000
vt 0.875000 0.750000
vn -0.8288 0.0000 -0.5595
vn 0.4887 -0.4868 -0.7240
vn 0.8288 0.0000 0.5595
vn -0.4887 0.4868 0.7240
vn -0.2724 -0.8735 0.4035
vn 0.2724 0.8735 -0.4035
usemtl None
s off
f 25/43/19 26/44/19 28/45/19 27/46/19
f 27/46/20 28/45/20 32/47/20 31/48/20
f 31/48/21 32/47/21 30/49/21 29/50/21
f 29/50/22 30/49/22 26/51/22 25/52/22
f 27/53/23 31/48/23 29/50/23 25/54/23
f 32/47/24 28/55/24 26/56/24 30/49/24
o 立方体.004_立方体.011
v -0.273236 1.689092 0.154994
v 0.565256 3.782494 -0.656363
v -0.210266 1.640254 0.094062
v 0.628226 3.733656 -0.717294
v -0.201343 1.689092 0.229291
v 0.637149 3.782494 -0.582065
v -0.138373 1.640254 0.168360
v 0.700119 3.733656 -0.642997
vt 0.375000 0.000000
vt 0.625000 0.000000
vt 0.625000 0.250000
vt 0.375000 0.250000
vt 0.625000 0.500000
vt 0.375000 0.500000
vt 0.625000 0.750000
vt 0.375000 0.750000
vt 0.625000 1.000000
vt 0.375000 1.000000
vt 0.125000 0.500000
vt 0.125000 0.750000
vt 0.875000 0.500000
vt 0.875000 0.750000
vn -0.6954 0.0000 -0.7186
vn 0.6277 -0.4868 -0.6074
vn 0.6954 0.0000 0.7186
vn -0.6277 0.4868 0.6074
vn -0.3499 -0.8735 0.3385
vn 0.3499 0.8735 -0.3385
usemtl None
s off
f 33/57/25 34/58/25 36/59/25 35/60/25
f 35/60/26 36/59/26 40/61/26 39/62/26
f 39/62/27 40/61/27 38/63/27 37/64/27
f 37/64/28 38/63/28 34/65/28 33/66/28
f 35/67/29 39/62/29 37/64/29 33/68/29
f 40/61/30 36/69/30 34/70/30 38/63/30
o 立方体.005_立方体.012
v -0.304740 1.689092 0.097804
v 0.676499 3.782494 -0.533494
v -0.231051 1.640254 0.050395
v 0.750188 3.733656 -0.580904
v -0.248802 1.689092 0.184750
v 0.732437 3.782494 -0.446548
v -0.175112 1.640254 0.137341
v 0.806127 3.733656 -0.493958
vt 0.375000 0.000000
vt 0.625000 0.000000
vt 0.625000 0.250000
vt 0.375000 0.250000
vt 0.625000 0.500000
vt 0.375000 0.500000
vt 0.625000 0.750000
vt 0.375000 0.750000
vt 0.625000 1.000000
vt 0.375000 1.000000
vt 0.125000 0.500000
vt 0.125000 0.750000
vt 0.875000 0.500000
vt 0.875000 0.750000
vn -0.5411 -0.0000 -0.8410
vn 0.7346 -0.4868 -0.4726
vn 0.5411 0.0000 0.8410
vn -0.7346 0.4868 0.4726
vn -0.4094 -0.8735 0.2634
vn 0.4094 0.8735 -0.2634
usemtl None
s off
f 41/71/31 42/72/31 44/73/31 43/74/31
f 43/74/32 44/73/32 48/75/32 47/76/32
f 47/76/33 48/75/33 46/77/33 45/78/33
f 45/78/34 46/77/34 42/79/34 41/80/34
f 43/81/35 47/76/35 45/78/35 41/82/35
f 48/75/36 44/83/36 42/84/36 46/77/36
o 立方体.006_立方体.013
v -0.235172 1.689092 -0.266503
v 0.717510 3.782494 0.407119
v -0.163627 1.640254 -0.215915
v 0.789055 3.733656 0.457707
v -0.294860 1.689092 -0.182087
v 0.657821 3.782494 0.491534
v -0.223315 1.640254 -0.131500
v 0.729366 3.733656 0.542122
vt 0.375000 0.000000
vt 0.625000 0.000000
vt 0.625000 0.250000
vt 0.375000 0.250000
vt 0.625000 0.500000
vt 0.375000 0.500000
vt 0.625000 0.750000
vt 0.375000 0.750000
vt 0.625000 1.000000
vt 0.375000 1.000000
vt 0.125000 0.500000
vt 0.125000 0.750000
vt 0.875000 0.500000
vt 0.875000 0.750000
vn 0.5773 0.0000 -0.8165
vn 0.7132 -0.4868 0.5043
vn -0.5773 0.0000 0.8165
vn -0.7132 0.4868 -0.5043
vn -0.3975 -0.8735 -0.2811
vn 0.3975 0.8735 0.2811
usemtl None
s off
f 49/85/37 50/86/37 52/87/37 51/88/37
f 51/88/38 52/87/38 56/89/38 55/90/38
f 55/90/39 56/89/39 54/91/39 53/92/39
f 53/92/40 54/91/40 50/93/40 49/94/40
f 51/95/41 55/90/41 53/92/41 49/96/41
f 56/89/42 52/97/42 50/98/42 54/91/42
o 立方体.007_立方体.014
v -0.276412 1.689092 -0.215883
v 0.789809 3.782494 0.257974
v -0.196340 1.640254 -0.180297
v 0.869881 3.733656 0.293559
v -0.318399 1.689092 -0.121407
v 0.747822 3.782494 0.352450
v -0.238328 1.640254 -0.085821
v 0.827893 3.733656 0.388036
vt 0.375000 0.000000
vt 0.625000 0.000000
vt 0.625000 0.250000
vt 0.375000 0.250000
vt 0.625000 0.500000
vt 0.375000 0.500000
vt 0.625000 0.750000
vt 0.375000 0.750000
vt 0.625000 1.000000
vt 0.375000 1.000000
vt 0.125000 0.500000
vt 0.125000 0.750000
vt 0.875000 0.500000
vt 0.875000 0.750000
vn 0.4061 0.0000 -0.9138
vn 0.7982 -0.4868 0.3547
vn -0.4061 0.0000 0.9138
vn -0.7982 0.4868 -0.3547
vn -0.4449 -0.8735 -0.1977
vn 0.4449 0.8735 0.1977
usemtl None
s off
f 57/99/43 58/100/43 60/101/43 59/102/43
f 59/102/44 60/101/44 64/103/44 63/104/44
f 63/104/45 64/103/45 62/105/45 61/106/45
f 61/106/46 62/105/46 58/107/46 57/108/46
f 59/109/47 63/104/47 61/106/47 57/110/47
f 64/103/48 60/111/48 58/112/48 62/105/48
o 立方体.008_立方体.015
v -0.308270 1.689092 -0.154837
v 0.832839 3.782494 0.088555
v -0.222574 1.640254 -0.136559
v 0.918534 3.733656 0.106833
v -0.329836 1.689092 -0.053726
v 0.811272 3.782494 0.189666
v -0.244141 1.640254 -0.035447
v 0.896968 3.733656 0.207945
vt 0.375000 0.000000
vt 0.625000 0.000000
vt 0.625000 0.250000
vt 0.375000 0.250000
vt 0.625000 0.500000
vt 0.375000 0.500000
vt 0.625000 0.750000
vt 0.375000 0.750000
vt 0.625000 1.000000
vt 0.375000 1.000000
vt 0.125000 0.500000
vt 0.125000 0.750000
vt 0.875000 0.500000
vt 0.875000 0.750000
vn 0.2086 -0.0000 -0.9780
vn 0.8543 -0.4868 0.1822
vn -0.2086 0.0000 0.9780
vn -0.8543 0.4868 -0.1822
vn -0.4761 -0.8735 -0.1016
vn 0.4761 0.8735 0.1016
usemtl None
s off
f 65/113/49 66/114/49 68/115/49 67/116/49
f 67/116/50 68/115/50 72/117/50 71/118/50
f 71/118/51 72/117/51 70/119/51 69/120/51
f 69/120/52 70/119/52 66/121/52 65/122/52
f 67/123/53 71/118/53 69/120/53 65/124/53
f 72/117/54 68/125/54 66/126/54 70/119/54
o 立方体.009_立方体.016
v -0.326382 1.689092 -0.091094
v 0.840337 3.782494 -0.079496
v -0.238763 1.640254 -0.090223
v 0.927956 3.733656 -0.078625
v -0.327410 1.689092 0.012287
v 0.839309 3.782494 0.023885
v -0.239791 1.640254 0.013158
v 0.926928 3.733656 0.024756
vt 0.375000 0.000000
vt 0.625000 0.000000
vt 0.625000 0.250000
vt 0.375000 0.250000
vt 0.625000 0.500000
vt 0.375000 0.500000
vt 0.625000 0.750000
vt 0.375000 0.750000
vt 0.625000 1.000000
vt 0.375000 1.000000
vt 0.125000 0.500000
vt 0.125000 0.750000
vt 0.875000 0.500000
vt 0.875000 0.750000
vn 0.0099 0.0000 -1.0000
vn 0.8734 -0.4868 0.0087
vn -0.0099 -0.0000 1.0000
vn -0.8734 0.4868 -0.0087
vn -0.4868 -0.8735 -0.0048
vn 0.4868 0.8735 0.0048
usemtl None
s off
f 73/127/55 74/128/55 76/129/55 75/130/55
f 75/130/56 76/129/56 80/131/56 79/132/56
f 79/132/57 80/131/57 78/133/57 77/134/57
f 77/134/58 78/133/58 74/135/58 73/136/58
f 75/137/59 79/132/59 77/134/59 73/138/59
f 80/131/60 76/139/60 74/140/60 78/133/60
o 立方体.010_立方体.017
v -0.331455 1.689092 -0.024981
v 0.814239 3.782494 -0.245782
v -0.245415 1.640254 -0.041563
v 0.900279 3.733656 -0.262364
v -0.311890 1.689092 0.076537
v 0.833804 3.782494 -0.144264
v -0.225850 1.640254 0.059955
v 0.919843 3.733656 -0.160846
vt 0.375000 0.000000
vt 0.625000 0.000000
vt 0.625000 0.250000
vt 0.375000 0.250000
vt 0.625000 0.500000
vt 0.375000 0.500000
vt 0.625000 0.750000
vt 0.375000 0.750000
vt 0.625000 1.000000
vt 0.375000 1.000000
vt 0.125000 0.500000
vt 0.125000 0.750000
vt 0.875000 0.500000
vt 0.875000 0.750000
vn -0.1892 0.0000 -0.9819
vn 0.8577 -0.4868 -0.1653
vn 0.1892 0.0000 0.9819
vn -0.8577 0.4868 0.1653
vn -0.4780 -0.8735 0.0921
vn 0.4780 0.8735 -0.0921
usemtl None
s off
f 81/141/61 82/142/61 84/143/61 83/144/61
f 83/144/62 84/143/62 88/145/62 87/146/62
f 87/146/63 88/145/63 86/147/63 85/148/63
f 85/148/64 86/147/64 82/149/64 81/150/64
f 83/151/65 87/146/65 85/148/65 81/152/65
f 88/145/66 84/153/66 82/154/66 86/147/66
o 立方体.011_立方体.018
v -0.323784 1.689092 0.038528
v 0.758180 3.782494 -0.398189
v -0.242530 1.640254 0.005731
v 0.839433 3.733656 -0.430986
v -0.285087 1.689092 0.134399
v 0.796877 3.782494 -0.302318
v -0.203833 1.640254 0.101602
v 0.878130 3.733656 -0.335115
vt 0.375000 0.000000
vt 0.625000 0.000000
vt 0.625000 0.250000
vt 0.375000 0.250000
vt 0.625000 0.500000
vt 0.375000 0.500000
vt 0.625000 0.750000
vt 0.375000 0.750000
vt 0.625000 1.000000
vt 0.375000 1.000000
vt 0.125000 0.500000
vt 0.125000 0.750000
vt 0.875000 0.500000
vt 0.875000 0.750000
vn -0.3743 0.0000 -0.9273
vn 0.8100 -0.4868 -0.3269
vn 0.3743 0.0000 0.9273
vn -0.8100 0.4868 0.3269
vn -0.4515 -0.8735 0.1822
vn 0.4515 0.8735 -0.1822
usemtl None
s off
f 89/155/67 90/156/67 92/157/67 91/158/67
f 91/158/68 92/157/68 96/159/68 95/160/68
f 95/160/69 96/159/69 94/161/69 93/162/69
f 93/162/70 94/161/70 90/163/70 89/164/70
f 91/165/71 95/160/71 93/162/71 89/166/71
f 96/159/72 92/167/72 90/168/72 94/161/72
o 立方体.012_立方体.019
v -0.188425 1.689092 -0.305598
v 0.624873 3.782494 0.531011
v -0.127347 1.640254 -0.242770
v 0.685950 3.733656 0.593839
v -0.262555 1.689092 -0.233533
v 0.550742 3.782494 0.603076
v -0.201478 1.640254 -0.170705
v 0.611820 3.733656 0.665904
vt 0.375000 0.000000
vt 0.625000 0.000000
vt 0.625000 0.250000
vt 0.375000 0.250000
vt 0.625000 0.500000
vt 0.375000 0.500000
vt 0.625000 0.750000
vt 0.375000 0.750000
vt 0.625000 1.000000
vt 0.375000 1.000000
vt 0.125000 0.500000
vt 0.125000 0.750000
vt 0.875000 0.500000
vt 0.875000 0.750000
vn 0.7170 -0.0000 -0.6970
vn 0.6089 -0.4868 0.6263
vn -0.7170 -0.0000 0.6970
vn -0.6089 0.4868 -0.6263
vn -0.3394 -0.8735 -0.3491
vn 0.3394 0.8735 0.3491
usemtl None
s off
f 97/169/73 98/170/73 100/171/73 99/172/73
f 99/172/74 100/171/74 104/173/74 103/174/74
f 103/174/75 104/173/75 102/175/75 101/176/75
f 101/176/76 102/175/76 98/177/76 97/178/76
f 99/179/77 103/174/77 101/176/77 97/180/77
f 104/173/78 100/181/78 98/182/78 102/175/78
o 立方体.013_立方体.020
v -0.132527 1.689092 -0.336706
v 0.504964 3.782494 0.640521
v -0.084653 1.640254 -0.263318
v 0.552839 3.733656 0.713909
v -0.219118 1.689092 -0.280219
v 0.418374 3.782494 0.697008
v -0.171243 1.640254 -0.206831
v 0.466248 3.733656 0.770396
vt 0.375000 0.000000
vt 0.625000 0.000000
vt 0.625000 0.250000
vt 0.375000 0.250000
vt 0.625000 0.500000
vt 0.375000 0.500000
vt 0.625000 0.750000
vt 0.375000 0.750000
vt 0.625000 1.000000
vt 0.375000 1.000000
vt 0.125000 0.500000
vt 0.125000 0.750000
vt 0.875000 0.500000
vt 0.875000 0.750000
vn 0.8375 0.0000 -0.5464
vn 0.4772 -0.4868 0.7316
vn -0.8375 -0.0000 0.5464
vn -0.4772 0.4868 -0.7316
vn -0.2660 -0.8735 -0.4078
vn 0.2660 0.8735 0.4078
usemtl None
s off
f 105/183/79 106/184/79 108/185/79 107/186/79
f 107/186/80 108/185/80 112/187/80 111/188/80
f 111/188/81 112/187/81 110/189/81 109/190/81
f 109/190/82 110/189/82 106/191/82 105/192/82
f 107/193/83 111/188/83 109/190/83 105/194/83
f 112/187/84 108/195/84 106/196/84 110/189/84
o 立方体.014_立方体.021
v -0.069402 1.689092 -0.357000
v 0.360880 3.782494 0.727539
v -0.037088 1.640254 -0.275553
v 0.393194 3.733656 0.808986
v -0.165501 1.689092 -0.318874
v 0.264781 3.782494 0.765665
v -0.133188 1.640254 -0.237427
v 0.297095 3.733656 0.847112
vt 0.375000 0.000000
vt 0.625000 0.000000
vt 0.625000 0.250000
vt 0.375000 0.250000
vt 0.625000 0.500000
vt 0.375000 0.500000
vt 0.625000 0.750000
vt 0.375000 0.750000
vt 0.625000 1.000000
vt 0.375000 1.000000
vt 0.125000 0.500000
vt 0.125000 0.750000
vt 0.875000 0.500000
vt 0.875000 0.750000
vn 0.9295 0.0000 -0.3688
vn 0.3221 -0.4868 0.8119
vn -0.9295 -0.0000 0.3688
vn -0.3221 0.4868 -0.8119
vn -0.1795 -0.8735 -0.4525
vn 0.1795 0.8735 0.4525
usemtl None
s off
f 113/197/85 114/198/85 116/199/85 115/200/85
f 115/200/86 116/199/86 120/201/86 119/202/86
f 119/202/87 120/201/87 118/203/87 117/204/87
f 117/204/88 118/203/88 114/205/88 113/206/88
f 115/207/89 119/202/89 117/204/89 113/208/89
f 120/201/90 116/209/90 114/210/90 118/203/90
o 立方体.015_立方体.022
v -0.003542 1.689092 -0.364327
v 0.202464 3.782494 0.784120
v 0.011929 1.640254 -0.278080
v 0.217935 3.733656 0.870366
v -0.105304 1.689092 -0.346073
v 0.100702 3.782494 0.802374
v -0.089833 1.640254 -0.259826
v 0.116173 3.733656 0.888620
vt 0.375000 0.000000
vt 0.625000 0.000000
vt 0.625000 0.250000
vt 0.375000 0.250000
vt 0.625000 0.500000
vt 0.375000 0.500000
vt 0.625000 0.750000
vt 0.375000 0.750000
vt 0.625000 1.000000
vt 0.375000 1.000000
vt 0.125000 0.500000
vt 0.125000 0.750000
vt 0.875000 0.500000
vt 0.875000 0.750000
vn 0.9843 -0.0000 -0.1766
vn 0.1542 -0.4868 0.8598
vn -0.9843 0.0000 0.1766
vn -0.1542 0.4868 -0.8598
vn -0.0860 -0.8735 -0.4792
vn 0.0860 0.8735 0.4792
usemtl None
s off
f 121/211/91 122/212/91 124/213/91 123/214/91
f 123/214/92 124/213/92 128/215/92 127/216/92
f 127/216/93 128/215/93 126/217/93 125/218/93
f 125/218/94 126/217/94 122/219/94 121/220/94
f 123/221/95 127/216/95 125/218/95 121/222/95
f 128/215/96 124/223/96 122/224/96 126/217/96
o 立方体.016_立方体.023
v 0.065017 1.689092 -0.357908
v 0.029350 3.782494 0.808323
v 0.062339 1.640254 -0.270326
v 0.026671 3.733656 0.895905
v -0.038321 1.689092 -0.361069
v -0.073988 3.782494 0.805163
v -0.040999 1.640254 -0.273486
v -0.076666 3.733656 0.892745
vt 0.375000 0.000000
vt 0.625000 0.000000
vt 0.625000 0.250000
vt 0.375000 0.250000
vt 0.625000 0.500000
vt 0.375000 0.500000
vt 0.625000 0.750000
vt 0.375000 0.750000
vt 0.625000 1.000000
vt 0.375000 1.000000
vt 0.125000 0.500000
vt 0.125000 0.750000
vt 0.875000 0.500000
vt 0.875000 0.750000
vn 0.9995 0.0000 0.0306
vn -0.0267 -0.4868 0.8731
vn -0.9995 0.0000 -0.0306
vn 0.0267 0.4868 -0.8731
vn 0.0149 -0.8735 -0.4866
vn -0.0149 0.8735 0.4866
usemtl None
s off
f 129/225/97 130/226/97 132/227/97 131/228/97
f 131/228/98 132/227/98 136/229/98 135/230/98
f 135/230/99 136/229/99 134/231/99 133/232/99
f 133/232/100 134/231/100 130/233/100 129/234/100
f 131/235/101 135/230/101 133/232/101 129/236/101
f 136/229/102 132/237/102 130/238/102 134/231/102
o 立方体.017_立方体.024
v 0.127470 1.689092 -0.338862
v -0.136059 3.782494 0.797765
v 0.107680 1.640254 -0.253503
v -0.155849 3.733656 0.883124
v 0.026756 1.689092 -0.362213
v -0.236773 3.782494 0.774414
v 0.006965 1.640254 -0.276854
v -0.256564 3.733656 0.859773
vt 0.375000 0.000000
vt 0.625000 0.000000
vt 0.625000 0.250000
vt 0.375000 0.250000
vt 0.625000 0.500000
vt 0.375000 0.500000
vt 0.625000 0.750000
vt 0.375000 0.750000
vt 0.625000 1.000000
vt 0.375000 1.000000
vt 0.125000 0.500000
vt 0.125000 0.750000
vt 0.875000 0.500000
vt 0.875000 0.750000
vn 0.9742 0.0000 0.2259
vn -0.1973 -0.4868 0.8509
vn -0.9742 0.0000 -0.2259
vn 0.1973 0.4868 -0.8509
vn 0.1100 -0.8735 -0.4743
vn -0.1100 0.8735 0.4743
usemtl None
s off
f 137/239/103 138/240/103 140/241/103 139/242/103
f 139/242/104 140/241/104 144/243/104 143/244/104
f 143/244/105 144/243/105 142/245/105 141/246/105
f 141/246/106 142/245/106 138/247/106 137/248/106
f 139/249/107 143/244/107 141/246/107 137/250/107
f 144/243/108 140/251/108 138/252/108 142/245/108
o 立方体.018_立方体.025
v 0.331541 1.689092 -0.030756
v -0.820212 3.782494 0.155880
v 0.245046 1.640254 -0.016740
v -0.906707 3.733656 0.169896
v 0.315004 1.689092 -0.132811
v -0.836750 3.782494 0.053825
v 0.228509 1.640254 -0.118795
v -0.923244 3.733656 0.067841
vt 0.375000 0.000000
vt 0.625000 0.000000
vt 0.625000 0.250000
vt 0.375000 0.250000
vt 0.625000 0.500000
vt 0.375000 0.500000
vt 0.625000 0.750000
vt 0.375000 0.750000
vt 0.625000 1.000000
vt 0.375000 1.000000
vt 0.125000 0.500000
vt 0.125000 0.750000
vt 0.875000 0.500000
vt 0.875000 0.750000
vn 0.1600 0.0000 0.9871
vn -0.8622 -0.4868 0.1397
vn -0.1600 -0.0000 -0.9871
vn 0.8622 0.4868 -0.1397
vn 0.4806 -0.8735 -0.0779
vn -0.4806 0.8735 0.0779
usemtl None
s off
f 145/253/109 146/254/109 148/255/109 147/256/109
f 147/256/110 148/255/110 152/257/110 151/258/110
f 151/258/111 152/257/111 150/259/111 149/260/111
f 149/260/112 150/259/112 146/261/112 145/262/112
f 147/263/113 151/258/113 149/260/113 145/264/113
f 152/257/114 148/265/114 146/266/114 150/259/114
o 立方体.019_立方体.026
v 0.325512 1.689091 -0.095770
v -0.767331 3.782494 0.312963
v 0.243442 1.640254 -0.065075
v -0.849401 3.733656 0.343658
v 0.289295 1.689091 -0.192605
v -0.803548 3.782494 0.216128
v 0.207224 1.640254 -0.161910
v -0.885619 3.733656 0.246823
vt 0.375000 0.000000
vt 0.625000 0.000000
vt 0.625000 0.250000
vt 0.375000 0.250000
vt 0.625000 0.500000
vt 0.375000 0.500000
vt 0.625000 0.750000
vt 0.375000 0.750000
vt 0.625000 1.000000
vt 0.375000 1.000000
vt 0.125000 0.500000
vt 0.125000 0.750000
vt 0.875000 0.500000
vt 0.875000 0.750000
vn 0.3503 0.0000 0.9366
vn -0.8181 -0.4868 0.3060
vn -0.3503 -0.0000 -0.9366
vn 0.8181 0.4868 -0.3060
vn 0.4560 -0.8735 -0.1705
vn -0.4560 0.8735 0.1705
usemtl None
s off
f 153/267/115 154/268/115 156/269/115 155/270/115
f 155/270/116 156/269/116 160/271/116 159/272/116
f 159/272/117 160/271/117 158/273/117 157/274/117
f 157/274/118 158/273/118 154/275/118 153/276/118
f 155/277/119 159/272/119 157/274/119 153/278/119
f 160/271/120 156/279/120 154/280/120 158/273/120
o 立方体.020_立方体.027
v 0.305484 1.689092 -0.161652
v -0.679359 3.782494 0.464010
v 0.231524 1.640254 -0.114665
v -0.753319 3.733656 0.510997
v 0.250045 1.689092 -0.248917
v -0.734798 3.782494 0.376745
v 0.176085 1.640254 -0.201931
v -0.808758 3.733656 0.423731
vt 0.375000 0.000000
vt 0.625000 0.000000
vt 0.625000 0.250000
vt 0.375000 0.250000
vt 0.625000 0.500000
vt 0.375000 0.500000
vt 0.625000 0.750000
vt 0.375000 0.750000
vt 0.625000 1.000000
vt 0.375000 1.000000
vt 0.125000 0.500000
vt 0.125000 0.750000
vt 0.875000 0.500000
vt 0.875000 0.750000
vn 0.5362 0.0000 0.8441
vn -0.7373 -0.4868 0.4684
vn -0.5362 0.0000 -0.8441
vn 0.7373 0.4868 -0.4684
vn 0.4109 -0.8735 -0.2611
vn -0.4109 0.8735 0.2611
usemtl None
s off
f 161/281/121 162/282/121 164/283/121 163/284/121
f 163/284/122 164/283/122 168/285/122 167/286/122
f 167/286/123 168/285/123 166/287/123 165/288/123
f 165/288/124 166/287/124 162/289/124 161/290/124
f 163/291/125 167/286/125 165/288/125 161/292/125
f 168/285/126 164/293/126 162/294/126 166/287/126
o 立方体.021_立方体.028
v 0.273757 1.689092 -0.219829
v -0.566989 3.782494 0.589191
v 0.210619 1.640254 -0.159073
v -0.630128 3.733656 0.649947
v 0.202071 1.689092 -0.294326
v -0.638675 3.782494 0.514694
v 0.138933 1.640254 -0.233570
v -0.701814 3.733656 0.575450
vt 0.375000 0.000000
vt 0.625000 0.000000
vt 0.625000 0.250000
vt 0.375000 0.250000
vt 0.625000 0.500000
vt 0.375000 0.500000
vt 0.625000 0.750000
vt 0.375000 0.750000
vt 0.625000 1.000000
vt 0.375000 1.000000
vt 0.125000 0.500000
vt 0.125000 0.750000
vt 0.875000 0.500000
vt 0.875000 0.750000
vn 0.6934 0.0000 0.7206
vn -0.6294 -0.4868 0.6057
vn -0.6934 0.0000 -0.7206
vn 0.6294 0.4868 -0.6057
vn 0.3508 -0.8735 -0.3376
vn -0.3508 0.8735 0.3376
usemtl None
s off
f 169/295/127 170/296/127 172/297/127 171/298/127
f 171/298/128 172/297/128 176/299/128 175/300/128
f 175/300/129 176/299/129 174/301/129 173/302/129
f 173/302/130 174/301/130 170/303/130 169/304/130
f 171/305/131 175/300/131 173/302/131 169/306/131
f 176/299/132 172/307/132 170/308/132 174/301/132
o 立方体.022_立方体.029
v 0.231065 1.689092 -0.270564
v -0.431879 3.782494 0.689578
v 0.181279 1.640254 -0.198459
v -0.481665 3.733656 0.761683
v 0.145988 1.689092 -0.329307
v -0.516956 3.782494 0.630836
v 0.096202 1.640254 -0.257202
v -0.566742 3.733656 0.702941
vt 0.375000 0.000000
vt 0.625000 0.000000
vt 0.625000 0.250000
vt 0.375000 0.250000
vt 0.625000 0.500000
vt 0.375000 0.500000
vt 0.625000 0.750000
vt 0.375000 0.750000
vt 0.625000 1.000000
vt 0.375000 1.000000
vt 0.125000 0.500000
vt 0.125000 0.750000
vt 0.875000 0.500000
vt 0.875000 0.750000
vn 0.8229 0.0000 0.5682
vn -0.4963 -0.4868 0.7188
vn -0.8229 0.0000 -0.5682
vn 0.4963 0.4868 -0.7188
vn 0.2766 -0.8735 -0.4006
vn -0.2766 0.8735 0.4006
usemtl None
s off
f 177/309/133 178/310/133 180/311/133 179/312/133
f 179/312/134 180/311/134 184/313/134 183/314/134
f 183/314/135 184/313/135 182/315/135 181/316/135
f 181/316/136 182/315/136 178/317/136 177/318/136
f 179/319/137 183/314/137 181/316/137 177/320/137
f 184/313/138 180/321/138 178/322/138 182/315/138
o 立方体.023_立方体.030
v 0.181102 1.689092 -0.310514
v -0.285111 3.782494 0.759072
v 0.146090 1.640254 -0.230190
v -0.320122 3.733656 0.839396
v 0.086327 1.689092 -0.351824
v -0.379885 3.782494 0.717762
v 0.051316 1.640254 -0.271500
v -0.414897 3.733656 0.798086
vt 0.375000 0.000000
vt 0.625000 0.000000
vt 0.625000 0.250000
vt 0.375000 0.250000
vt 0.625000 0.500000
vt 0.375000 0.500000
vt 0.625000 0.750000
vt 0.375000 0.750000
vt 0.625000 1.000000
vt 0.375000 1.000000
vt 0.125000 0.500000
vt 0.125000 0.750000
vt 0.875000 0.500000
vt 0.875000 0.750000
vn 0.9167 -0.0000 0.3996
vn -0.3490 -0.4868 0.8007
vn -0.9167 0.0000 -0.3996
vn 0.3490 0.4868 -0.8007
vn 0.1945 -0.8735 -0.4463
vn -0.1945 0.8735 0.4463
usemtl None
s off
f 185/323/139 186/324/139 188/325/139 187/326/139
f 187/326/140 188/325/140 192/327/140 191/328/140
f 191/328/141 192/327/141 190/329/141 189/330/141
f 189/330/142 190/329/142 186/331/142 185/332/142
f 187/333/143 191/328/143 189/330/143 185/334/143
f 192/327/144 188/335/144 186/336/144 190/329/144
o 立方体.024_立方体.031
v 0.181102 1.689092 -0.310514
v -0.285111 3.782494 0.759072
v 0.146090 1.640254 -0.230190
v -0.320122 3.733656 0.839396
v 0.086327 1.689092 -0.351824
v -0.379885 3.782494 0.717762
v 0.051316 1.640254 -0.271500
v -0.414897 3.733656 0.798086
vt 0.375000 0.000000
vt 0.625000 0.000000
vt 0.625000 0.250000
vt 0.375000 0.250000
vt 0.625000 0.500000
vt 0.375000 0.500000
vt 0.625000 0.750000
vt 0.375000 0.750000
vt 0.625000 1.000000
vt 0.375000 1.000000
vt 0.125000 0.500000
vt 0.125000 0.750000
vt 0.875000 0.500000
vt 0.875000 0.750000
vn 0.9167 -0.0000 0.3996
vn -0.3490 -0.4868 0.8007
vn -0.9167 0.0000 -0.3996
vn 0.3490 0.4868 -0.8007
vn 0.1945 -0.8735 -0.4463
vn -0.1945 0.8735 0.4463
usemtl None
s off
f 193/337/145 194/338/145 196/339/145 195/340/145
f 195/340/146 196/339/146 200/341/146 199/342/146
f 199/342/147 200/341/147 198/343/147 197/344/147
f 197/344/148 198/343/148 194/345/148 193/346/148
f 195/347/149 199/342/149 197/344/149 193/348/149
f 200/341/150 196/349/150 194/350/150 198/343/150
o 立方体.025_立方体.032
v 0.231065 1.689092 -0.270564
v -0.431879 3.782494 0.689578
v 0.181279 1.640254 -0.198459
v -0.481665 3.733656 0.761683
v 0.145988 1.689092 -0.329307
v -0.516956 3.782494 0.630836
v 0.096202 1.640254 -0.257202
v -0.566742 3.733656 0.702941
vt 0.375000 0.000000
vt 0.625000 0.000000
vt 0.625000 0.250000
vt 0.375000 0.250000
vt 0.625000 0.500000
vt 0.375000 0.500000
vt 0.625000 0.750000
vt 0.375000 0.750000
vt 0.625000 1.000000
vt 0.375000 1.000000
vt 0.125000 0.500000
vt 0.125000 0.750000
vt 0.875000 0.500000
vt 0.875000 0.750000
vn 0.8229 0.0000 0.5682
vn -0.4963 -0.4868 0.7188
vn -0.8229 0.0000 -0.5682
vn 0.4963 0.4868 -0.7188
vn 0.2766 -0.8735 -0.4006
vn -0.2766 0.8735 0.4006
usemtl None
s off
f 201/351/151 202/352/151 204/353/151 203/354/151
f 203/354/152 204/353/152 208/355/152 207/356/152
f 207/356/153 208/355/153 206/357/153 205/358/153
f 205/358/154 206/357/154 202/359/154 201/360/154
f 203/361/155 207/356/155 205/358/155 201/362/155
f 208/355/156 204/363/156 202/364/156 206/357/156
o 立方体.026_立方体.033
v 0.273757 1.689092 -0.219829
v -0.566989 3.782494 0.589191
v 0.210619 1.640254 -0.159073
v -0.630128 3.733656 0.649947
v 0.202071 1.689092 -0.294326
v -0.638675 3.782494 0.514694
v 0.138933 1.640254 -0.233570
v -0.701814 3.733656 0.575450
vt 0.375000 0.000000
vt 0.625000 0.000000
vt 0.625000 0.250000
vt 0.375000 0.250000
vt 0.625000 0.500000
vt 0.375000 0.500000
vt 0.625000 0.750000
vt 0.375000 0.750000
vt 0.625000 1.000000
vt 0.375000 1.000000
vt 0.125000 0.500000
vt 0.125000 0.750000
vt 0.875000 0.500000
vt 0.875000 0.750000
vn 0.6934 0.0000 0.7206
vn -0.6294 -0.4868 0.6057
vn -0.6934 0.0000 -0.7206
vn 0.6294 0.4868 -0.6057
vn 0.3508 -0.8735 -0.3376
vn -0.3508 0.8735 0.3376
usemtl None
s off
f 209/365/157 210/366/157 212/367/157 211/368/157
f 211/368/158 212/367/158 216/369/158 215/370/158
f 215/370/159 216/369/159 214/371/159 213/372/159
f 213/372/160 214/371/160 210/373/160 209/374/160
f 211/375/161 215/370/161 213/372/161 209/376/161
f 216/369/162 212/377/162 210/378/162 214/371/162
o 立方体.027_立方体.034
v 0.305484 1.689092 -0.161652
v -0.679359 3.782494 0.464010
v 0.231524 1.640254 -0.114665
v -0.753319 3.733656 0.510997
v 0.250045 1.689092 -0.248917
v -0.734798 3.782494 0.376745
v 0.176085 1.640254 -0.201931
v -0.808758 3.733656 0.423731
vt 0.375000 0.000000
vt 0.625000 0.000000
vt 0.625000 0.250000
vt 0.375000 0.250000
vt 0.625000 0.500000
vt 0.375000 0.500000
vt 0.625000 0.750000
vt 0.375000 0.750000
vt 0.625000 1.000000
vt 0.375000 1.000000
vt 0.125000 0.500000
vt 0.125000 0.750000
vt 0.875000 0.500000
vt 0.875000 0.750000
vn 0.5362 0.0000 0.8441
vn -0.7373 -0.4868 0.4684
vn -0.5362 0.0000 -0.8441
vn 0.7373 0.4868 -0.4684
vn 0.4109 -0.8735 -0.2611
vn -0.4109 0.8735 0.2611
usemtl None
s off
f 217/379/163 218/380/163 220/381/163 219/382/163
f 219/382/164 220/381/164 224/383/164 223/384/164
f 223/384/165 224/383/165 222/385/165 221/386/165
f 221/386/166 222/385/166 218/387/166 217/388/166
f 219/389/167 223/384/167 221/386/167 217/390/167
f 224/383/168 220/391/168 218/392/168 222/385/168
o 立方体.028_立方体.035
v 0.325512 1.689091 -0.095770
v -0.767331 3.782494 0.312963
v 0.243442 1.640254 -0.065075
v -0.849401 3.733656 0.343658
v 0.289295 1.689091 -0.192605
v -0.803548 3.782494 0.216128
v 0.207224 1.640254 -0.161910
v -0.885619 3.733656 0.246823
vt 0.375000 0.000000
vt 0.625000 0.000000
vt 0.625000 0.250000
vt 0.375000 0.250000
vt 0.625000 0.500000
vt 0.375000 0.500000
vt 0.625000 0.750000
vt 0.375000 0.750000
vt 0.625000 1.000000
vt 0.375000 1.000000
vt 0.125000 0.500000
vt 0.125000 0.750000
vt 0.875000 0.500000
vt 0.875000 0.750000
vn 0.3503 0.0000 0.9366
vn -0.8181 -0.4868 0.3060
vn -0.3503 -0.0000 -0.9366
vn 0.8181 0.4868 -0.3060
vn 0.4560 -0.8735 -0.1705
vn -0.4560 0.8735 0.1705
usemtl None
s off
f 225/393/169 226/394/169 228/395/169 227/396/169
f 227/396/170 228/395/170 232/397/170 231/398/170
f 231/398/171 232/397/171 230/399/171 229/400/171
f 229/400/172 230/399/172 226/401/172 225/402/172
f 227/403/173 231/398/173 229/400/173 225/404/173
f 232/397/174 228/405/174 226/406/174 230/399/174
o 立方体.029_立方体.036
v 0.331541 1.689092 -0.030756
v -0.820212 3.782494 0.155880
v 0.245046 1.640254 -0.016740
v -0.906707 3.733656 0.169896
v 0.315004 1.689092 -0.132811
v -0.836750 3.782494 0.053825
v 0.228509 1.640254 -0.118795
v -0.923244 3.733656 0.067841
vt 0.375000 0.000000
vt 0.625000 0.000000
vt 0.625000 0.250000
vt 0.375000 0.250000
vt 0.625000 0.500000
vt 0.375000 0.500000
vt 0.625000 0.750000
vt 0.375000 0.750000
vt 0.625000 1.000000
vt 0.375000 1.000000
vt 0.125000 0.500000
vt 0.125000 0.750000
vt 0.875000 0.500000
vt 0.875000 0.750000
vn 0.1600 0.0000 0.9871
vn -0.8622 -0.4868 0.1397
vn -0.1600 -0.0000 -0.9871
vn 0.8622 0.4868 -0.1397
vn 0.4806 -0.8735 -0.0779
vn -0.4806 0.8735 0.0779
usemtl None
s off
f 233/407/175 234/408/175 236/409/175 235/410/175
f 235/410/176 236/409/176 240/411/176 239/412/176
f 239/412/177 240/411/177 238/413/177 237/414/177
f 237/414/178 238/413/178 234/415/178 233/416/178
f 235/417/179 239/412/179 237/414/179 233/418/179
f 240/411/180 236/419/180 234/420/180 238/413/180
o 立方体.030_立方体.037
v 0.307598 1.689092 0.090923
v -0.832164 3.782494 -0.158698
v 0.222004 1.640254 0.072177
v -0.917758 3.733656 -0.177444
v 0.329717 1.689092 -0.010070
v -0.810045 3.782494 -0.259691
v 0.244123 1.640254 -0.028816
v -0.895639 3.733656 -0.278437
vt 0.375000 0.000000
vt 0.625000 0.000000
vt 0.625000 0.250000
vt 0.375000 0.250000
vt 0.625000 0.500000
vt 0.375000 0.500000
vt 0.625000 0.750000
vt 0.375000 0.750000
vt 0.625000 1.000000
vt 0.375000 1.000000
vt 0.125000 0.500000
vt 0.125000 0.750000
vt 0.875000 0.500000
vt 0.875000 0.750000
vn -0.2139 -0.0000 0.9768
vn -0.8533 -0.4868 -0.1869
vn 0.2139 0.0000 -0.9768
vn 0.8533 0.4868 0.1869
vn 0.4756 -0.8735 0.1042
vn -0.4756 0.8735 -0.1042
usemtl None
s off
f 241/421/181 242/422/181 244/423/181 243/424/181
f 243/424/182 244/423/182 248/425/182 247/426/182
f 247/426/183 248/425/183 246/427/183 245/428/183
f 245/428/184 246/427/184 242/429/184 241/430/184
f 243/431/185 247/426/185 245/428/185 241/432/185
f 248/425/186 244/433/186 242/434/186 246/427/186
o 立方体.031_立方体.038
v 0.325880 1.689092 0.028242
v -0.840700 3.782494 0.006827
v 0.238272 1.640254 0.026633
v -0.928308 3.733656 0.005219
v 0.327777 1.689092 -0.075127
v -0.838803 3.782494 -0.096541
v 0.240169 1.640254 -0.076735
v -0.926411 3.733656 -0.098150
vt 0.375000 0.000000
vt 0.625000 0.000000
vt 0.625000 0.250000
vt 0.375000 0.250000
vt 0.625000 0.500000
vt 0.375000 0.500000
vt 0.625000 0.750000
vt 0.375000 0.750000
vt 0.625000 1.000000
vt 0.375000 1.000000
vt 0.125000 0.500000
vt 0.125000 0.750000
vt 0.875000 0.500000
vt 0.875000 0.750000
vn -0.0184 -0.0000 0.9998
vn -0.8733 -0.4868 -0.0160
vn 0.0184 0.0000 -0.9998
vn 0.8733 0.4868 0.0160
vn 0.4868 -0.8735 0.0089
vn -0.4868 0.8735 -0.0089
usemtl None
s off
f 249/435/187 250/436/187 252/437/187 251/438/187
f 251/438/188 252/437/188 256/439/188 255/440/188
f 255/440/189 256/439/189 254/441/189 253/442/189
f 253/442/190 254/441/190 250/443/190 249/444/190
f 251/445/191 255/440/191 253/442/191 249/446/191
f 256/439/192 252/447/192 250/448/192 254/441/192
o 立方体.032_立方体.039
v 0.325880 1.689092 0.028242
v -0.840700 3.782494 0.006827
v 0.238272 1.640254 0.026633
v -0.928308 3.733656 0.005219
v 0.327777 1.689092 -0.075127
v -0.838803 3.782494 -0.096541
v 0.240169 1.640254 -0.076735
v -0.926411 3.733656 -0.098150
vt 0.375000 0.000000
vt 0.625000 0.000000
vt 0.625000 0.250000
vt 0.375000 0.250000
vt 0.625000 0.500000
vt 0.375000 0.500000
vt 0.625000 0.750000
vt 0.375000 0.750000
vt 0.625000 1.000000
vt 0.375000 1.000000
vt 0.125000 0.500000
vt 0.125000 0.750000
vt 0.875000 0.500000
vt 0.875000 0.750000
vn -0.0184 -0.0000 0.9998
vn -0.8733 -0.4868 -0.0160
vn 0.0184 0.0000 -0.9998
vn 0.8733 0.4868 0.0160
vn 0.4868 -0.8735 0.0089
vn -0.4868 0.8735 -0.0089
usemtl None
s off
f 257/449/193 258/450/193 260/451/193 259/452/193
f 259/452/194 260/451/194 264/453/194 263/454/194
f 263/454/195 264/453/195 262/455/195 261/456/195
f 261/456/196 262/455/196 258/457/196 257/458/196
f 259/459/197 263/454/197 261/456/197 257/460/197
f 264/453/198 260/461/198 258/462/198 262/455/198
o 立方体.033_立方体.040
v 0.307598 1.689092 0.090923
v -0.832164 3.782494 -0.158698
v 0.222004 1.640254 0.072177
v -0.917758 3.733656 -0.177444
v 0.329717 1.689092 -0.010070
v -0.810045 3.782494 -0.259691
v 0.244123 1.640254 -0.028816
v -0.895639 3.733656 -0.278437
vt 0.375000 0.000000
vt 0.625000 0.000000
vt 0.625000 0.250000
vt 0.375000 0.250000
vt 0.625000 0.500000
vt 0.375000 0.500000
vt 0.625000 0.750000
vt 0.375000 0.750000
vt 0.625000 1.000000
vt 0.375000 1.000000
vt 0.125000 0.500000
vt 0.125000 0.750000
vt 0.875000 0.500000
vt 0.875000 0.750000
vn -0.2139 -0.0000 0.9768
vn -0.8533 -0.4868 -0.1869
vn 0.2139 0.0000 -0.9768
vn 0.8533 0.4868 0.1869
vn 0.4756 -0.8735 0.1042
vn -0.4756 0.8735 -0.1042
usemtl None
s off
f 265/463/199 266/464/199 268/465/199 267/466/199
f 267/466/200 268/465/200 272/467/200 271/468/200
f 271/468/201 272/467/201 270/469/201 269/470/201
f 269/470/202 270/469/202 266/471/202 265/472/202
f 267/473/203 271/468/203 269/470/203 265/474/203
f 272/467/204 268/475/204 266/476/204 270/469/204
o 立方体.034_立方体.041
v 0.238398 1.689092 0.197614
v -0.723557 3.782494 -0.462697
v 0.166157 1.640254 0.148026
v -0.795798 3.733656 -0.512285
v 0.296907 1.689092 0.112377
v -0.665048 3.782494 -0.547934
v 0.224666 1.640254 0.062789
v -0.737289 3.733656 -0.597522
vt 0.375000 0.000000
vt 0.625000 0.000000
vt 0.625000 0.250000
vt 0.375000 0.250000
vt 0.625000 0.500000
vt 0.375000 0.500000
vt 0.625000 0.750000
vt 0.375000 0.750000
vt 0.625000 1.000000
vt 0.375000 1.000000
vt 0.125000 0.500000
vt 0.125000 0.750000
vt 0.875000 0.500000
vt 0.875000 0.750000
vn -0.5659 0.0000 0.8245
vn -0.7202 -0.4868 -0.4943
vn 0.5659 -0.0000 -0.8245
vn 0.7202 0.4868 0.4943
vn 0.4014 -0.8735 0.2755
vn -0.4014 0.8735 -0.2755
usemtl None
s off
f 273/477/205 274/478/205 276/479/205 275/480/205
f 275/480/206 276/479/206 280/481/206 279/482/206
f 279/482/207 280/481/207 278/483/207 277/484/207
f 277/484/208 278/483/208 274/485/208 273/486/208
f 275/487/209 279/482/209 277/484/209 273/488/209
f 280/481/210 276/489/210 274/490/210 278/483/210
o 立方体.035_立方体.042
v 0.278931 1.689092 0.146426
v -0.793776 3.782494 -0.312561
v 0.198372 1.640254 0.111957
v -0.874334 3.733656 -0.347030
v 0.319601 1.689092 0.051375
v -0.753106 3.782494 -0.407612
v 0.239042 1.640254 0.016906
v -0.833664 3.733656 -0.442081
vt 0.375000 0.000000
vt 0.625000 0.000000
vt 0.625000 0.250000
vt 0.375000 0.250000
vt 0.625000 0.500000
vt 0.375000 0.500000
vt 0.625000 0.750000
vt 0.375000 0.750000
vt 0.625000 1.000000
vt 0.375000 1.000000
vt 0.125000 0.500000
vt 0.125000 0.750000
vt 0.875000 0.500000
vt 0.875000 0.750000
vn -0.3934 0.0000 0.9194
vn -0.8031 -0.4868 -0.3436
vn 0.3934 0.0000 -0.9194
vn 0.8031 0.4868 0.3436
vn 0.4476 -0.8735 0.1915
vn -0.4476 0.8735 -0.1915
usemtl None
s off
f 281/491/211 282/492/211 284/493/211 283/494/211
f 283/494/212 284/493/212 288/495/212 287/496/212
f 287/496/213 288/495/213 286/497/213 285/498/213
f 285/498/214 286/497/214 282/499/214 281/500/214
f 283/501/215 287/496/215 285/498/215 281/502/215
f 288/495/216 284/503/216 282/504/216 286/497/216
o 立方体.036_立方体.043
v 0.278931 1.689092 0.146426
v -0.793776 3.782494 -0.312561
v 0.198372 1.640254 0.111957
v -0.874334 3.733656 -0.347030
v 0.319601 1.689092 0.051375
v -0.753106 3.782494 -0.407612
v 0.239042 1.640254 0.016906
v -0.833664 3.733656 -0.442081
vt 0.375000 0.000000
vt 0.625000 0.000000
vt 0.625000 0.250000
vt 0.375000 0.250000
vt 0.625000 0.500000
vt 0.375000 0.500000
vt 0.625000 0.750000
vt 0.375000 0.750000
vt 0.625000 1.000000
vt 0.375000 1.000000
vt 0.125000 0.500000
vt 0.125000 0.750000
vt 0.875000 0.500000
vt 0.875000 0.750000
vn -0.3934 0.0000 0.9194
vn -0.8031 -0.4868 -0.3436
vn 0.3934 0.0000 -0.9194
vn 0.8031 0.4868 0.3436
vn 0.4476 -0.8735 0.1915
vn -0.4476 0.8735 -0.1915
usemtl None
s off
f 289/505/217 290/506/217 292/507/217 291/508/217
f 291/508/218 292/507/218 296/509/218 295/510/218
f 295/510/219 296/509/219 294/511/219 293/512/219
f 293/512/220 294/511/220 290/513/220 289/514/220
f 291/515/221 295/510/221 293/512/221 289/516/221
f 296/509/222 292/517/222 290/518/222 294/511/222
o 立方体.037_立方体.044
v 0.238398 1.689092 0.197614
v -0.723557 3.782494 -0.462697
v 0.166157 1.640254 0.148026
v -0.795798 3.733656 -0.512285
v 0.296907 1.689092 0.112377
v -0.665048 3.782494 -0.547934
v 0.224666 1.640254 0.062789
v -0.737289 3.733656 -0.597522
vt 0.375000 0.000000
vt 0.625000 0.000000
vt 0.625000 0.250000
vt 0.375000 0.250000
vt 0.625000 0.500000
vt 0.375000 0.500000
vt 0.625000 0.750000
vt 0.375000 0.750000
vt 0.625000 1.000000
vt 0.375000 1.000000
vt 0.125000 0.500000
vt 0.125000 0.750000
vt 0.875000 0.500000
vt 0.875000 0.750000
vn -0.5659 0.0000 0.8245
vn -0.7202 -0.4868 -0.4943
vn 0.5659 -0.0000 -0.8245
vn 0.7202 0.4868 0.4943
vn 0.4014 -0.8735 0.2755
vn -0.4014 0.8735 -0.2755
usemtl None
s off
f 297/519/223 298/520/223 300/521/223 299/522/223
f 299/522/224 300/521/224 304/523/224 303/524/224
f 303/524/225 304/523/225 302/525/225 301/526/225
f 301/526/226 302/525/226 298/527/226 297/528/226
f 299/529/227 303/524/227 301/526/227 297/530/227
f 304/523/228 300/531/228 298/532/228 302/525/228
o 立方体.038_立方体.045
v 0.141913 1.689092 0.266842
v -0.525655 3.782494 -0.690091
v 0.091779 1.640254 0.194978
v -0.575788 3.733656 -0.761955
v 0.226705 1.689092 0.207690
v -0.440863 3.782494 -0.749243
v 0.176572 1.640254 0.135826
v -0.490996 3.733656 -0.821107
vt 0.375000 0.000000
vt 0.625000 0.000000
vt 0.625000 0.250000
vt 0.375000 0.250000
vt 0.625000 0.500000
vt 0.375000 0.500000
vt 0.625000 0.750000
vt 0.375000 0.750000
vt 0.625000 1.000000
vt 0.375000 1.000000
vt 0.125000 0.500000
vt 0.125000 0.750000
vt 0.875000 0.500000
vt 0.875000 0.750000
vn -0.8202 -0.0000 0.5721
vn -0.4998 -0.4868 -0.7164
vn 0.8202 -0.0000 -0.5721
vn 0.4998 0.4868 0.7164
vn 0.2785 -0.8735 0.3993
vn -0.2785 0.8735 -0.3993
usemtl None
s off
f 305/533/229 306/534/229 308/535/229 307/536/229
f 307/536/230 308/535/230 312/537/230 311/538/230
f 311/538/231 312/537/231 310/539/231 309/540/231
f 309/540/232 310/539/232 306/541/232 305/542/232
f 307/543/233 311/538/233 309/540/233 305/544/233
f 312/537/234 308/545/234 306/546/234 310/539/234
o 立方体.039_立方体.046
v 0.197883 1.689092 0.233220
v -0.644276 3.782494 -0.574330
v 0.134638 1.640254 0.172575
v -0.707520 3.733656 -0.634975
v 0.269439 1.689092 0.158598
v -0.572720 3.782494 -0.648952
v 0.206194 1.640254 0.097952
v -0.635965 3.733656 -0.709598
vt 0.375000 0.000000
vt 0.625000 0.000000
vt 0.625000 0.250000
vt 0.375000 0.250000
vt 0.625000 0.500000
vt 0.375000 0.500000
vt 0.625000 0.750000
vt 0.375000 0.750000
vt 0.625000 1.000000
vt 0.375000 1.000000
vt 0.125000 0.500000
vt 0.125000 0.750000
vt 0.875000 0.500000
vt 0.875000 0.750000
vn -0.6921 0.0000 0.7218
vn -0.6305 -0.4868 -0.6046
vn 0.6921 -0.0000 -0.7218
vn 0.6305 0.4868 0.6046
vn 0.3514 -0.8735 0.3370
vn -0.3514 0.8735 -0.3370
usemtl None
s off
f 313/547/235 314/548/235 316/549/235 315/550/235
f 315/550/236 316/549/236 320/551/236 319/552/236
f 319/552/237 320/551/237 318/553/237 317/554/237
f 317/554/238 318/553/238 314/555/238 313/556/238
f 315/557/239 319/552/239 317/554/239 313/558/239
